0 0 0
-0.994302849763 -0.098394286425 -0.040992771945 1.059827731125
-0.094219436823 0.991135817966 -0.093661561325 0.154631158094
0.049845167044 -0.089265641453 -0.994759822559 4.095960266347
0.000000000000 0.000000000000 0.000000000000 1.000000000000
1 1 0
-0.989690770340 -0.103033389885 -0.099480147130 1.001527387868
-0.093151370126 0.990683705382 -0.099340918726 0.154977847018
0.108788792381 -0.089050078374 -0.990068220980 4.105216840736
0.000000000000 0.000000000000 0.000000000000 1.000000000000
2 2 0
-0.990495280041 -0.106528986737 -0.087009627061 0.991504256297
-0.098552597313 0.990931508956 -0.091335262196 0.150783644466
0.095950433972 -0.081892121369 -0.992011690797 4.154596993271
0.000000000000 0.000000000000 0.000000000000 1.000000000000
3 3 0
-0.987337406063 -0.108860849678 -0.115387009650 1.018686770882
-0.097957638915 0.990520466925 -0.096299042468 0.145240548534
0.124776390262 -0.083776607770 -0.988641660271 4.356831184533
0.000000000000 0.000000000000 0.000000000000 1.000000000000
4 4 0
-0.989288467322 -0.111013306627 -0.094785938704 0.907631169375
-0.101802751053 0.990060733390 -0.097035787616 0.121785883221
0.104616099633 -0.086346916284 -0.990757125508 4.571420578546
0.000000000000 0.000000000000 0.000000000000 1.000000000000
5 5 0
-0.988787558494 -0.111842187303 -0.098946901453 0.896956826877
-0.101972261691 0.989773893979 -0.099746161041 0.115278761184
0.109090888775 -0.088537923716 -0.990080912881 4.779019259452
0.000000000000 0.000000000000 0.000000000000 1.000000000000
6 6 0
-0.993967827910 -0.109664630446 0.001275111286 0.770288788260
-0.109328617560 0.989868975339 -0.090590645453 0.097711520603
0.008672396554 -0.090183593244 -0.995887397775 4.900992515511
0.000000000000 0.000000000000 0.000000000000 1.000000000000
7 7 0
-0.986595440868 -0.103602743246 0.126078973862 0.743999352075
-0.113793353692 0.990555611693 -0.076489560071 0.104181764394
-0.116963706822 -0.089811200505 -0.989066954028 5.043343426392
0.000000000000 0.000000000000 0.000000000000 1.000000000000
8 8 0
-0.957635388256 -0.094180133042 0.272148058417 0.642532781103
-0.114028775263 0.991781390348 -0.058026822868 0.092304290435
-0.264446405860 -0.086601248838 -0.960504202035 5.081062332561
0.000000000000 0.000000000000 0.000000000000 1.000000000000
9 9 0
-0.961635206815 -0.085713724157 0.260597172864 0.602610232831
-0.107073740767 0.991862340287 -0.068878966003 0.101581464327
-0.252572649056 -0.094139552850 -0.962987435815 5.049966349434
0.000000000000 0.000000000000 0.000000000000 1.000000000000
10 10 0
-0.990922419269 -0.084152732869 0.104838335266 0.517158865338
-0.094229908854 0.990988681577 -0.095195363666 0.109570864897
-0.095882653635 -0.104210126844 -0.989922606164 5.038978301070
0.000000000000 0.000000000000 0.000000000000 1.000000000000
11 11 0
-0.995811820186 -0.089208904924 -0.020014746081 0.316856622551
-0.086438023790 0.989964358138 -0.111799095078 0.089999772797
0.029787360101 -0.109600825266 -0.993529250842 4.928696584764
0.000000000000 0.000000000000 0.000000000000 1.000000000000
12 12 0
-0.975554086231 -0.100817626319 -0.195269124698 0.117035213400
-0.075213295583 0.988071273457 -0.134380499837 0.070549709083
0.206487735725 -0.116408611332 -0.971499794237 4.844627926357
0.000000000000 0.000000000000 0.000000000000 1.000000000000
13 13 0
-0.929475759928 -0.115218685961 -0.350427547593 0.051361207448
-0.065670408668 0.986477656636 -0.150164011612 0.068630041402
0.362990646067 -0.116561088548 -0.924473527747 4.798056010712
0.000000000000 0.000000000000 0.000000000000 1.000000000000
14 14 0
-0.844789216930 -0.132141017595 -0.518526692108 0.007389838557
-0.052244807452 0.984767808221 -0.165839814239 0.065766841218
0.532542635902 -0.113009359619 -0.838824907585 4.809268896154
0.000000000000 0.000000000000 0.000000000000 1.000000000000
15 15 0
-0.812329668633 -0.139206529797 -0.566340932231 -0.158315247237
-0.055723897399 0.985178411068 -0.162229299521 0.049474885123
0.580530237556 -0.100224949122 -0.808046782592 4.715142201121
0.000000000000 0.000000000000 0.000000000000 1.000000000000
16 16 0
-0.786972996283 -0.143798252811 -0.599996304664 -0.420218118160
-0.056332960833 0.985145764570 -0.162217200300 0.003603181793
0.614410368276 -0.093860987839 -0.783383695463 4.686703340139
0.000000000000 0.000000000000 0.000000000000 1.000000000000
17 17 0
-0.794671784438 -0.145285461441 -0.589397056077 -0.639475786453
-0.063072201896 0.985443324074 -0.157871315905 -0.030630564202
0.603753801120 -0.088281310204 -0.792267478761 4.622868721292
0.000000000000 0.000000000000 0.000000000000 1.000000000000
18 18 0
-0.876839764445 -0.142820235793 -0.459079957889 -0.813259169375
-0.084781465550 0.985827899152 -0.144759995691 -0.116243208012
0.473248487146 -0.088009848889 -0.876521611777 4.530531523813
0.000000000000 0.000000000000 0.000000000000 1.000000000000
19 19 0
-0.975092289411 -0.130803915904 -0.179123875334 -0.907547619792
-0.110287805002 0.986616884438 -0.120098806862 -0.151190984469
0.192436034044 -0.097352241504 -0.976468593389 4.572002970326
0.000000000000 0.000000000000 0.000000000000 1.000000000000
20 20 0
-0.984722770302 -0.105381412276 0.138621151328 -0.986026327204
-0.117524260391 0.989635147866 -0.082524677086 -0.197050104898
-0.128487796573 -0.097555276923 -0.986901136931 4.551862452335
0.000000000000 0.000000000000 0.000000000000 1.000000000000
21 21 0
-0.861934358352 -0.074195852639 0.501561698442 -1.029991204696
-0.108125893389 0.993377239922 -0.038864513163 -0.204476958605
-0.495356389958 -0.087730465949 -0.864248466746 4.580521583110
0.000000000000 0.000000000000 0.000000000000 1.000000000000
22 22 0
-0.711220517062 -0.047114742560 0.701388321219 -1.071076447531
-0.081441144090 0.996555422699 -0.015640637421 -0.198208211425
-0.698235430323 -0.068245809565 -0.712607741551 4.530339960743
0.000000000000 0.000000000000 0.000000000000 1.000000000000
23 23 0
-0.510344850038 -0.025082385039 0.859603983239 -1.191421768359
-0.051348789625 0.998679874790 -0.001345174304 -0.187256817331
-0.858435458170 -0.044826126874 -0.510959081048 4.540416469364
0.000000000000 0.000000000000 0.000000000000 1.000000000000
24 24 0
-0.407674811903 -0.015368705501 0.912997837145 -1.335990362723
-0.027932787860 0.999600321742 0.004353864561 -0.199841905042
-0.912699845021 -0.023727613986 -0.407941163935 4.430692751446
0.000000000000 0.000000000000 0.000000000000 1.000000000000
25 25 0
-0.343553921116 -0.007855387633 0.939100099122 -1.518415114725
-0.015240491861 0.999879969129 0.002788322574 -0.214580443377
-0.939009281474 -0.013354408263 -0.343632404011 4.415248422609
0.000000000000 0.000000000000 0.000000000000 1.000000000000
26 26 0
-0.381165599003 -0.000657507967 0.924506546121 -1.690847322856
-0.012963396169 0.999905235758 -0.004633558329 -0.237753156005
-0.924415889357 -0.013750897654 -0.381138001671 4.330169506349
0.000000000000 0.000000000000 0.000000000000 1.000000000000
27 27 0
-0.322906885839 0.004585595342 0.946419629653 -1.859259895112
-0.013421593029 0.999865517034 -0.009423836094 -0.248245281822
-0.946335566233 -0.015745480670 -0.322801914369 4.306019263873
0.000000000000 0.000000000000 0.000000000000 1.000000000000
28 28 0
-0.318004008522 0.006048941928 0.948070071707 -2.059573489971
-0.013614046782 0.999847412474 -0.010945752527 -0.262949926673
-0.947991618262 -0.016387863488 -0.317873134498 4.253223241653
0.000000000000 0.000000000000 0.000000000000 1.000000000000
29 29 0
-0.288286164303 0.006626466094 0.957521371782 -2.279740543583
-0.014956627479 0.999822899676 -0.011422284279 -0.277409977012
-0.957427483816 -0.017614176983 -0.288135999145 4.187532609606
0.000000000000 0.000000000000 0.000000000000 1.000000000000
30 30 0
-0.278288723569 0.004745495291 0.960485745136 -2.500328337802
-0.015592425993 0.999833701077 -0.009457612976 -0.295180058121
-0.960370898448 -0.017608249941 -0.278168450670 4.153258728650
0.000000000000 0.000000000000 0.000000000000 1.000000000000
31 31 0
-0.239646523353 0.003015265082 0.970855525823 -2.693568639490
-0.014796174689 0.999867694826 -0.006757666610 -0.302914988033
-0.970747452770 -0.015984399267 -0.239570202489 4.073164493682
0.000000000000 0.000000000000 0.000000000000 1.000000000000
32 32 0
-0.275418903057 0.000522166097 0.961324167584 -2.875678559034
-0.016909029207 0.999842517296 -0.005387516839 -0.314499401069
-0.961175588834 -0.017738882405 -0.275366700021 3.996731168734
0.000000000000 0.000000000000 0.000000000000 1.000000000000
33 33 0
-0.206749285582 -0.003565619277 0.978387458664 -3.009476680861
-0.016975063003 0.999855911627 0.000056749873 -0.303867123703
-0.978246686755 -0.016596455757 -0.206780022025 3.880745447599
0.000000000000 0.000000000000 0.000000000000 1.000000000000
34 34 0
-0.147539285167 -0.009781662246 0.989007825255 -3.175044366789
-0.014460510092 0.999865547083 0.007731843526 -0.310816367755
-0.988950480550 -0.013160806971 -0.147660895905 3.810788064603
0.000000000000 0.000000000000 0.000000000000 1.000000000000
35 35 0
-0.030247430516 -0.019333465711 0.999355447301 -3.206237348631
-0.009298175126 0.999775101887 0.019060157021 -0.293043184577
-0.999499193039 -0.008715661187 -0.030420393876 3.647923439666
0.000000000000 0.000000000000 0.000000000000 1.000000000000
36 36 0
0.150431591425 -0.039136231621 0.987845479656 -3.320830498967
0.001613712286 0.999224528190 0.039341303949 -0.300091153872
-0.988619103717 -0.004324076574 0.150378090584 3.456526286135
0.000000000000 0.000000000000 0.000000000000 1.000000000000
37 37 0
0.288125054526 -0.050394097287 0.956265856294 -3.239220402994
0.012872114065 0.998727898187 0.048753400522 -0.302986558575
-0.957506272373 -0.001737913005 0.288407208691 3.208527397444
0.000000000000 0.000000000000 0.000000000000 1.000000000000
38 38 0
0.386134549068 -0.054208785739 0.920848259793 -3.303440421515
0.019628806278 0.998528578265 0.050550849174 -0.300937454178
-0.922233603801 -0.001444277248 0.386630436054 3.011814055445
0.000000000000 0.000000000000 0.000000000000 1.000000000000
39 39 0
0.449448450076 -0.058458627019 0.891391428976 -3.286670651568
0.023976793062 0.998286397526 0.053379601985 -0.303570678256
-0.892984436661 -0.002618671548 0.450079924503 2.826846130187
0.000000000000 0.000000000000 0.000000000000 1.000000000000
40 40 0
0.477792598663 -0.057203820705 0.876608210981 -3.399701282567
0.023174031878 0.998351088110 0.052517322055 -0.315190323593
-0.878166952754 -0.004777841154 0.478330403931 2.631358756440
0.000000000000 0.000000000000 0.000000000000 1.000000000000
41 41 0
0.445782779077 -0.052066526019 0.893625643515 -3.358474426024
0.020386518560 0.998638534856 0.048015274260 -0.321364903506
-0.894908991875 -0.003186466631 0.446237316560 2.452435612923
0.000000000000 0.000000000000 0.000000000000 1.000000000000
42 42 0
0.431090891635 -0.032381149083 0.901727289336 -3.448351410200
0.018341813661 0.999463839211 0.027122167716 -0.316821704887
-0.902122065477 0.004847194451 0.431453686605 2.353526369482
0.000000000000 0.000000000000 0.000000000000 1.000000000000
43 43 0
0.464817956972 0.008161288866 0.885368657814 -3.496544015384
0.021017126258 0.999574058606 -0.020248006484 -0.334427286673
-0.885156792484 0.028019541873 0.464448444925 2.218849447951
0.000000000000 0.000000000000 0.000000000000 1.000000000000
44 44 0
0.624001561561 0.019133128648 0.781188821322 -3.522206504727
0.027619694861 0.998535511956 -0.046518639465 -0.343914661871
-0.780934826746 0.050603900542 0.622559267560 2.068818579805
0.000000000000 0.000000000000 0.000000000000 1.000000000000
45 45 0
0.722963421417 0.009947592902 0.690814690556 -3.533178386875
0.039954955977 0.997620880236 -0.056179896858 -0.352638105031
-0.689730014416 0.068217480996 0.720845949216 1.914751367075
0.000000000000 0.000000000000 0.000000000000 1.000000000000
46 46 0
0.830135573061 -0.003355040516 0.557551499004 -3.422870052386
0.052315752666 0.996038950238 -0.071899037770 -0.344167445227
-0.555101785586 0.088854675242 0.827022886217 1.744904435856
0.000000000000 0.000000000000 0.000000000000 1.000000000000
47 47 0
0.858385692131 -0.013380653504 0.512830343931 -3.394163446942
0.064018941182 0.994639351802 -0.081204279545 -0.337238860172
-0.508994674544 0.102535447325 0.854640803688 1.542870390198
0.000000000000 0.000000000000 0.000000000000 1.000000000000
48 48 0
0.865136631614 -0.017749005253 0.501222087954 -3.268728303863
0.073934126421 0.992968477361 -0.092451868117 -0.326715460852
-0.496056804802 0.117040914985 0.860365661001 1.327833100261
0.000000000000 0.000000000000 0.000000000000 1.000000000000
49 49 0
0.865013517886 -0.020254234845 0.501339585357 -3.254896774227
0.080856361534 0.991752671601 -0.099442883968 -0.315607547054
-0.495190733631 0.126555933655 0.859517151069 1.102456616437
0.000000000000 0.000000000000 0.000000000000 1.000000000000
50 50 0
0.889690357842 -0.027466700730 0.455737476529 -3.132227126486
0.082504458877 0.991427591917 -0.101313100099 -0.363947083083
-0.449047972301 0.127737662172 0.884329694308 0.884955181822
0.000000000000 0.000000000000 0.000000000000 1.000000000000
51 51 0
0.900781152346 -0.034216677591 0.432923243258 -3.119796934967
0.086524803190 0.991044868634 -0.101703130663 -0.388494755655
-0.425566415511 0.129070861655 0.895675130089 0.629023934760
0.000000000000 0.000000000000 0.000000000000 1.000000000000
52 52 0
0.883938385465 -0.033702404355 0.466387262522 -3.028237525035
0.091015854978 0.990723727106 -0.100908922751 -0.360186394144
-0.458660053683 0.131645905705 0.878806184927 0.415917019250
0.000000000000 0.000000000000 0.000000000000 1.000000000000
53 53 0
0.864497214429 -0.034125148836 0.501477856402 -3.023398282645
0.092794533527 0.991378752102 -0.092505915641 -0.351929327188
-0.493997713347 0.126505510149 0.860210796904 0.200400882446
0.000000000000 0.000000000000 0.000000000000 1.000000000000
54 54 0
0.838051092103 -0.034297806817 0.544512651344 -2.878738921771
0.092644526031 0.992474277091 -0.080073722959 -0.338709822705
-0.537668446928 0.117551987476 0.834921655857 -0.034653897586
0.000000000000 0.000000000000 0.000000000000 1.000000000000
55 55 0
0.830881639564 -0.044452451223 0.554670785796 -2.869653905242
0.088255844479 0.994714070457 -0.052486416825 -0.333652044696
-0.549405685219 0.092562938674 0.830412846380 -0.260166167024
0.000000000000 0.000000000000 0.000000000000 1.000000000000
56 56 0
0.828062030054 -0.050773608254 0.558332620475 -2.819294619841
0.084568605180 0.995807437201 -0.034866875868 -0.314172712047
-0.554221458805 0.076089346953 0.828884181222 -0.467552695804
0.000000000000 0.000000000000 0.000000000000 1.000000000000
57 57 0
0.859129436145 -0.052127931739 0.509096543578 -2.828716843580
0.079156436482 0.996362482940 -0.031560436516 -0.304042852771
-0.505599515935 0.067412768243 0.860130599481 -0.727769462339
0.000000000000 0.000000000000 0.000000000000 1.000000000000
58 58 0
0.859055254111 -0.059792671643 0.508378704119 -2.847611405755
0.075827925594 0.997061725022 -0.010864722525 -0.286363675421
-0.506235316907 0.047882699519 0.861065067810 -1.006848984287
0.000000000000 0.000000000000 0.000000000000 1.000000000000
59 59 0
0.891794238594 -0.061572564453 0.448231921350 -2.870183909415
0.070806089902 0.997482658710 -0.003852687986 -0.286574483144
-0.446866348748 0.035173354669 0.893909000669 -1.260360502274
0.000000000000 0.000000000000 0.000000000000 1.000000000000
60 60 0
0.896350464875 -0.068838120672 0.437969356531 -2.867300324551
0.066994519752 0.997559223950 0.019680676704 -0.280524327908
-0.438255152213 0.011700762994 0.898774450963 -1.514253997503
0.000000000000 0.000000000000 0.000000000000 1.000000000000
61 61 0
0.926001236064 -0.066646754233 0.371591066845 -2.884893082168
0.062590626441 0.997774672984 0.022980762245 -0.278915284347
-0.372295748419 0.001977903409 0.928112042594 -1.746009387350
0.000000000000 0.000000000000 0.000000000000 1.000000000000
62 62 0
0.925885068907 -0.063765032433 0.372385364661 -2.915366753269
0.057930457044 0.997959529197 0.026848467968 -0.269903146785
-0.373337516628 -0.003286141243 0.927689764929 -1.959209992126
0.000000000000 0.000000000000 0.000000000000 1.000000000000
63 63 0
0.947099715832 -0.059904729508 0.315299146294 -2.805658435239
0.054452846109 0.998175682657 0.026080531116 -0.264208263626
-0.316286287755 -0.007531927717 0.948633888412 -2.103017076523
0.000000000000 0.000000000000 0.000000000000 1.000000000000
64 64 0
0.940752339836 -0.058414292952 0.334025156945 -2.762843435037
0.051989420292 0.998250797391 0.028150411837 -0.248970847829
-0.335085265673 -0.009116791531 0.942143698616 -2.316078026487
0.000000000000 0.000000000000 0.000000000000 1.000000000000
65 65 0
0.941931918070 -0.057885184924 0.330777216699 -2.630071986745
0.049068501642 0.998183719507 0.034950597381 -0.245865963311
-0.332199554286 -0.016690340828 0.943061444793 -2.540120747720
0.000000000000 0.000000000000 0.000000000000 1.000000000000
66 66 0
0.952024799794 -0.055319886381 0.300979219795 -2.608448623754
0.045740163401 0.998200023675 0.038788531641 -0.243336023854
-0.302583241488 -0.023160805376 0.952841518336 -2.779736316457
0.000000000000 0.000000000000 0.000000000000 1.000000000000
67 67 0
0.954126530821 -0.054698989251 0.294364712149 -2.487102529069
0.043738627613 0.998087024775 0.043694661356 -0.219223145514
-0.296191653559 -0.028815127128 0.954693769127 -2.963424060668
0.000000000000 0.000000000000 0.000000000000 1.000000000000
68 68 0
0.968950863338 -0.051870489548 0.241751270423 -2.369292669479
0.041389472166 0.997978029849 0.048236537320 -0.202601118847
-0.243764509375 -0.036732877002 0.969138565798 -3.169588712421
0.000000000000 0.000000000000 0.000000000000 1.000000000000
69 69 0
0.972054492405 -0.051633817729 0.229006577772 -2.217980692309
0.039609824049 0.997599679217 0.056797375516 -0.195938995094
-0.231389553858 -0.046139233776 0.971766456239 -3.285972607800
0.000000000000 0.000000000000 0.000000000000 1.000000000000
70 70 0
0.986633358483 -0.047044680320 0.156017351543 -2.100336012337
0.038431772082 0.997589869479 0.057770677746 -0.184171059879
-0.158359132428 -0.051002454511 0.986063453744 -3.449169832022
0.000000000000 0.000000000000 0.000000000000 1.000000000000
71 71 0
0.990645234515 -0.043865150863 0.129220230119 -1.994728320419
0.036240172640 0.997493067116 0.060780185444 -0.185032222407
-0.131562415679 -0.055528637615 0.989751434041 -3.650570135881
0.000000000000 0.000000000000 0.000000000000 1.000000000000
72 72 0
0.988701177169 -0.042732631703 0.143679867944 -1.831902560291
0.035699272546 0.998051219118 0.051179350889 -0.170625694155
-0.145586895716 -0.045471817706 0.988299939082 -3.862220953951
0.000000000000 0.000000000000 0.000000000000 1.000000000000
73 73 0
0.980382125750 -0.042609585110 0.192445604698 -1.761838946224
0.038367574359 0.998932699625 0.025717520450 -0.157145979293
-0.193336020308 -0.017829326320 0.980970589964 -4.081315538417
0.000000000000 0.000000000000 0.000000000000 1.000000000000
74 74 0
0.973562010596 -0.040937678195 0.224724538107 -1.627046199883
0.044524719229 0.998948650082 -0.010915304684 -0.153340852613
-0.224041426752 0.020632522937 0.974361194884 -4.306488281250
0.000000000000 0.000000000000 0.000000000000 1.000000000000
75 75 0
0.969195207732 -0.038942552734 0.243195655586 -1.603900532349
0.052060090854 0.997502012170 -0.047743927951 -0.142533010633
-0.240728885366 0.058933974094 0.968801522732 -4.504359425076
0.000000000000 0.000000000000 0.000000000000 1.000000000000
76 76 0
0.980593122138 -0.042383176664 0.191417854838 -1.475601515857
0.056660638883 0.995954835428 -0.069739069309 -0.205345833113
-0.187687774818 0.079231509658 0.979027919449 -4.643770140000
0.000000000000 0.000000000000 0.000000000000 1.000000000000
77 77 0
0.992736224899 -0.052427885998 0.108287139320 -1.442418864009
0.061432259503 0.994773153486 -0.081562556329 -0.234127489788
-0.103444986659 0.087622427907 0.990768108521 -4.851274541728
0.000000000000 0.000000000000 0.000000000000 1.000000000000
78 78 0
0.989162521113 -0.054807061124 0.136211941020 -1.294859651095
0.074538480524 0.986727270181 -0.144268184996 -0.171800965637
-0.126497121496 0.152857712700 0.980118869281 -4.911177229753
0.000000000000 0.000000000000 0.000000000000 1.000000000000
79 79 0
0.989332753163 -0.059025610513 0.133179130579 -1.216763940961
0.084626566999 0.977018213452 -0.195636792913 -0.135836519400
-0.118570855087 0.204820379570 0.971591253788 -5.047706934666
0.000000000000 0.000000000000 0.000000000000 1.000000000000
80 80 0
0.995077994838 -0.077289955718 0.062016505343 -1.093448049486
0.088082700954 0.976598974951 -0.196203669482 -0.115184873068
-0.045400682622 0.200700535302 0.978600057811 -5.145691568584
0.000000000000 0.000000000000 0.000000000000 1.000000000000
81 81 0
0.994605996007 -0.100629229337 -0.025152950315 -0.990864791092
0.093797315910 0.976091646492 -0.196079476685 -0.105512886338
0.044282911315 0.192662543978 0.980265355867 -5.290166540737
0.000000000000 0.000000000000 0.000000000000 1.000000000000
82 82 0
0.989642440591 -0.117789586104 -0.082057621142 -0.909350189025
0.100462774560 0.976586540958 -0.190226073257 -0.091173902779
0.102543018826 0.180012059108 0.978304956476 -5.384593098096
0.000000000000 0.000000000000 0.000000000000 1.000000000000
83 83 0
0.955276536855 -0.142814359023 -0.258941686467 -0.729269049500
0.093607464205 0.976659122255 -0.193325118804 -0.075139389929
0.280507363145 0.160440075331 0.946348033997 -5.346476496316
0.000000000000 0.000000000000 0.000000000000 1.000000000000
84 84 0
0.917012229574 -0.164144161302 -0.363517902067 -0.521525871031
0.099108163513 0.976582008627 -0.190958509503 -0.079193406228
0.386349767358 0.139083696877 0.911805671470 -5.370250017362
0.000000000000 0.000000000000 0.000000000000 1.000000000000
85 85 0
0.835842227594 -0.159614356036 -0.525253298817 -0.337333069046
0.090180896167 0.983722252468 -0.155428234133 -0.097527185408
0.541511935730 0.082545668246 0.836630764505 -5.293628958541
0.000000000000 0.000000000000 0.000000000000 1.000000000000
86 86 0
0.786025151440 -0.124029153543 -0.605624661301 -0.141579272370
0.090568513231 0.992200169856 -0.085651429340 -0.058448903356
0.611524166093 0.012473652568 0.791127424804 -5.322062262200
0.000000000000 0.000000000000 0.000000000000 1.000000000000
87 87 0
0.719903468538 -0.102109207525 -0.686522181524 0.034085651021
0.082163945829 0.994701695144 -0.061786921625 -0.043798140052
0.689193791319 -0.011926752145 0.724478895891 -5.205793655205
0.000000000000 0.000000000000 0.000000000000 1.000000000000
88 88 0
0.666529484094 -0.084196466717 -0.740708715911 0.241901153577
0.069422733438 0.996294142495 -0.050778595011 -0.007700273093
0.742239133242 -0.017576593004 0.669904569669 -5.208671543938
0.000000000000 0.000000000000 0.000000000000 1.000000000000
89 89 0
0.616419331240 -0.064619763259 -0.784762062201 0.413187988321
0.056007085637 0.997700827374 -0.038161045797 0.007008853458
0.785423716494 -0.020429029693 0.618621241402 -5.086225205087
0.000000000000 0.000000000000 0.000000000000 1.000000000000
90 90 0
0.576896202850 -0.047391306092 -0.815441497132 0.657001804793
0.044086000613 0.998666846714 -0.026850583323 0.038996301325
0.815626872833 -0.020459554779 0.578216404931 -5.080944763199
0.000000000000 0.000000000000 0.000000000000 1.000000000000
91 91 0
0.522979533127 -0.033120023144 -0.851701515789 0.857865395517
0.031568160958 0.999311831755 -0.019475988487 0.058901059926
0.851760447041 -0.016701107172 0.523665173442 -4.944962730847
0.000000000000 0.000000000000 0.000000000000 1.000000000000
92 92 0
0.416247249633 -0.019440573478 -0.909043613517 1.054916244808
0.014095331916 0.999789230295 -0.014927042718 0.092599617401
0.909142204934 -0.006599930982 0.416433538658 -4.908128659032
0.000000000000 0.000000000000 0.000000000000 1.000000000000
93 93 0
0.353290156235 0.001852323149 -0.935511963796 1.253704498566
0.000387032072 0.999997664810 0.002126165695 0.090833704802
0.935513717544 -0.001113226544 0.353288614327 -4.808483784188
0.000000000000 0.000000000000 0.000000000000 1.000000000000
94 94 0
0.253123860181 0.010375810135 -0.967378237284 1.480970665049
-0.014438526065 0.999871630390 0.006946344754 0.117726226210
0.967326129272 0.012209230296 0.253241178175 -4.714511153392
0.000000000000 0.000000000000 0.000000000000 1.000000000000
95 95 0
0.232266514227 0.015793293047 -0.972523952540 1.695176962139
-0.023611164299 0.999665073040 0.010595030171 0.129427750973
0.972365558465 0.020501552102 0.232561619946 -4.625344394724
0.000000000000 0.000000000000 0.000000000000 1.000000000000
96 96 0
0.247471407248 0.002157020300 -0.968892795854 1.904705288868
-0.026284160502 0.999644437475 -0.004487931856 0.146811469785
0.968538613325 0.026577168568 0.247440111157 -4.499761880338
0.000000000000 0.000000000000 0.000000000000 1.000000000000
97 97 0
0.286003060141 -0.048485280988 -0.957001268086 2.139473554166
-0.022223861067 0.998114785383 -0.057209922209 0.166476954568
0.957970954460 0.037630476045 0.284386352843 -4.438818543075
0.000000000000 0.000000000000 0.000000000000 1.000000000000
98 98 0
0.311157255739 -0.085187639308 -0.946532740221 2.339733904601
-0.015767489977 0.995374632419 -0.094766699832 0.182132989845
0.950227629813 0.044411791749 0.308374843807 -4.313410845286
0.000000000000 0.000000000000 0.000000000000 1.000000000000
99 99 0
0.338115246533 -0.103118601933 -0.935438204265 2.589736854646
-0.007501745632 0.993651979673 -0.112247347870 0.194999795463
0.941074813112 0.044969959160 0.335195314553 -4.262288817668
0.000000000000 0.000000000000 0.000000000000 1.000000000000
100 100 0
0.382650886636 -0.120793010814 -0.915962525159 2.784364379087
0.003408951010 0.991594074422 -0.129342841409 0.215027727682
0.923886723581 0.046370681570 0.379846129217 -4.163731791600
0.000000000000 0.000000000000 0.000000000000 1.000000000000
101 101 0
0.404031731556 -0.129963019840 -0.905465611368 3.018439833908
0.010077586471 0.990428125561 -0.137661070564 0.245179278474
0.914689456672 0.046494532713 0.401474104123 -4.153530570059
0.000000000000 0.000000000000 0.000000000000 1.000000000000
102 102 0
0.382475133426 -0.132696522956 -0.914387448025 3.241829941257
0.011661790910 0.990247914382 -0.138827485376 0.270664911743
0.923892187944 0.042434665763 0.380292682283 -4.128928416528
0.000000000000 0.000000000000 0.000000000000 1.000000000000
103 103 0
0.310750909778 -0.134372031651 -0.940945284903 3.446268050829
0.005149440566 0.990180145105 -0.139702410508 0.290038193240
0.950477435468 0.038567309344 0.308391321727 -4.095102642164
0.000000000000 0.000000000000 0.000000000000 1.000000000000
104 104 0
0.273142919168 -0.135293777271 -0.952411958944 3.619545626407
0.005667236316 0.990269664874 -0.139046298992 0.307117668475
0.961956770412 0.032581968364 0.271251888835 -4.088722433719
0.000000000000 0.000000000000 0.000000000000 1.000000000000
105 105 0
0.222945939724 -0.135412117730 -0.965380063153 3.742496437705
0.003794445829 0.990418286428 -0.138047890566 0.334758435707
0.974823425109 0.027114134335 0.221323549533 -3.976685095259
0.000000000000 0.000000000000 0.000000000000 1.000000000000
106 106 0
0.153649961493 -0.130395024881 -0.979483959450 3.863507784296
-0.001155341947 0.991230387196 -0.132140019240 0.368821035594
0.988124665474 0.021434947772 0.152151859981 -3.929427475972
0.000000000000 0.000000000000 0.000000000000 1.000000000000
107 107 0
0.104330301335 -0.116897752850 -0.987648775427 3.834698716439
-0.002429137923 0.993035329825 -0.117791905527 0.342894934838
0.994539736517 0.014688400094 0.103319714433 -3.734320631827
0.000000000000 0.000000000000 0.000000000000 1.000000000000
108 108 0
-0.002816178595 -0.114995811359 -0.993361984630 3.800852851042
-0.012006621657 0.993298207672 -0.114954389526 0.353701722582
0.999923952196 0.011603189426 -0.004178016350 -3.511762477966
0.000000000000 0.000000000000 0.000000000000 1.000000000000
109 109 0
-0.120823149384 -0.111518076609 -0.986390128277 3.762446140312
-0.022748417763 0.993719806035 -0.109560287438 0.338055933334
0.992413359474 0.009201395740 -0.122601216365 -3.320018146438
0.000000000000 0.000000000000 0.000000000000 1.000000000000
110 110 0
-0.212056562759 -0.111686466843 -0.970854338876 3.636168067982
-0.029607224182 0.993726134838 -0.107850735815 0.329383813284
0.976808797292 0.005873845731 -0.214032874739 -3.110728448420
0.000000000000 0.000000000000 0.000000000000 1.000000000000
111 111 0
-0.251949476349 -0.109088356294 -0.961572249958 3.635273714370
-0.031394952117 0.994024606275 -0.104543957745 0.324372227925
0.967231005680 0.003848719335 -0.253868802751 -2.881564242883
0.000000000000 0.000000000000 0.000000000000 1.000000000000
112 112 0
-0.305340259405 -0.105386899258 -0.946393642969 3.490239315838
-0.036071070386 0.994423730164 -0.099097541682 0.308935801463
0.951559879286 0.003878962625 -0.307439017988 -2.720338994968
0.000000000000 0.000000000000 0.000000000000 1.000000000000
113 113 0
-0.335074139615 -0.103951175168 -0.936439786715 3.567394431960
-0.038384726432 0.994576053765 -0.096669985282 0.314738512514
0.941409546233 0.003553372888 -0.337246852918 -2.530920719954
0.000000000000 0.000000000000 0.000000000000 1.000000000000
114 114 0
-0.411281395748 -0.096575019730 -0.906377889777 3.483968023339
-0.045583049176 0.995306361490 -0.085366459490 0.302191932058
0.910367947118 0.006205831313 -0.413753173424 -2.289034118804
0.000000000000 0.000000000000 0.000000000000 1.000000000000
115 115 0
-0.479346711513 -0.093540464826 -0.872626444478 3.497684398186
-0.051439678618 0.995588893091 -0.078464739960 0.319210718931
0.876116824188 0.007275808788 -0.482043953371 -2.037080848093
0.000000000000 0.000000000000 0.000000000000 1.000000000000
116 116 0
-0.525384445845 -0.088738393618 -0.846224959193 3.406539126310
-0.056262205265 0.995993233318 -0.069512901273 0.311996329881
0.849002796416 0.011089485240 -0.528271970669 -1.809152409588
0.000000000000 0.000000000000 0.000000000000 1.000000000000
117 117 0
-0.590292118342 -0.086748933627 -0.802514696150 3.435475049316
-0.063142252261 0.996124280079 -0.061232953675 0.263366456142
0.804716267390 0.014527255450 -0.593481834471 -1.597210297918
0.000000000000 0.000000000000 0.000000000000 1.000000000000
118 118 0
-0.658684961769 -0.081149092012 -0.748030043518 3.401293120317
-0.070635731336 0.996445612710 -0.045899176127 0.220395757833
0.749095931505 0.022604552113 -0.662075765774 -1.364187711967
0.000000000000 0.000000000000 0.000000000000 1.000000000000
119 119 0
-0.732589733523 -0.078580560831 -0.676119351739 3.413421027406
-0.079027831545 0.996415521610 -0.030177974353 0.243922775460
0.676067218683 0.031324172044 -0.736173832779 -1.144230128999
0.000000000000 0.000000000000 0.000000000000 1.000000000000
120 120 0
-0.721038028748 -0.073727578289 -0.688961831525 3.296726059897
-0.078386543647 0.996619116321 -0.024614767082 0.271444896210
0.688447318881 0.036257153543 -0.724379533078 -0.967594873603
0.000000000000 0.000000000000 0.000000000000 1.000000000000
121 121 0
-0.741112091273 -0.076181564241 -0.667045153973 3.245046006540
-0.082135138318 0.996366342657 -0.022537308494 0.292288376742
0.666338267866 0.038085174156 -0.744676327196 -0.775693714898
0.000000000000 0.000000000000 0.000000000000 1.000000000000
122 122 0
-0.754926206648 -0.075795053823 -0.651415023109 3.195213945956
-0.084364104781 0.996269667244 -0.018150701215 0.282175927575
0.650360761686 0.041253605249 -0.758504462553 -0.552744582040
0.000000000000 0.000000000000 0.000000000000 1.000000000000
123 123 0
-0.801268357186 -0.081648521642 -0.592707802114 3.126969333762
-0.089292281295 0.995869218971 -0.016473833987 0.274366164090
0.591604520160 0.039724269897 -0.805249075819 -0.354259626399
0.000000000000 0.000000000000 0.000000000000 1.000000000000
124 124 0
-0.813378576570 -0.085197790918 -0.575462099187 3.056522712938
-0.091398683532 0.995647674248 -0.018220576615 0.265722707777
0.574509853550 0.037776251617 -0.817625453975 -0.185111099167
0.000000000000 0.000000000000 0.000000000000 1.000000000000
125 125 0
-0.822434305745 -0.086196503841 -0.562291717402 2.895801783488
-0.092493981548 0.995562443999 -0.017328689409 0.255795363143
0.561290188861 0.037756891090 -0.826757365292 -0.032631162718
0.000000000000 0.000000000000 0.000000000000 1.000000000000
126 126 0
-0.827512686046 -0.087061621065 -0.554655774846 2.853624341908
-0.093333625190 0.995489591086 -0.017009069591 0.242379008464
0.553634887666 0.037692813335 -0.831906042160 0.166240227631
0.000000000000 0.000000000000 0.000000000000 1.000000000000
127 127 0
-0.805967999307 -0.083666669684 -0.586016614506 2.725517605592
-0.089993644939 0.995772410380 -0.018397026827 0.157024241159
0.585078394716 0.037910356229 -0.810090165924 0.314647986991
0.000000000000 0.000000000000 0.000000000000 1.000000000000
128 128 0
-0.799865441603 -0.082323578408 -0.594506605318 2.671332801211
-0.089834587388 0.995811126741 -0.017027823355 0.142460811840
0.593418083848 0.039787288140 -0.803910411342 0.478417981777
0.000000000000 0.000000000000 0.000000000000 1.000000000000
129 129 0
-0.768294097182 -0.075794687113 -0.635593695406 2.659448398436
-0.086963418636 0.996117746225 -0.013667460449 0.158658832917
0.634162080271 0.044772771429 -0.771902749629 0.604350124363
0.000000000000 0.000000000000 0.000000000000 1.000000000000
130 130 0
-0.743455907373 -0.070516104642 -0.665056984610 2.609418940922
-0.084885761556 0.996332709003 -0.010748974676 0.179348595748
0.663376002941 0.048462479896 -0.746715251461 0.727086981874
0.000000000000 0.000000000000 0.000000000000 1.000000000000
131 131 0
-0.766123328460 -0.069627796680 -0.638910804040 2.652743290683
-0.088853211468 0.996042717348 -0.002003005249 0.200237141878
0.636521918242 0.055234727732 -0.769278215245 0.888042696561
0.000000000000 0.000000000000 0.000000000000 1.000000000000
132 132 0
-0.758403896911 -0.064495051969 -0.648586090987 2.610606381619
-0.089019815260 0.996017057415 0.005049141450 0.198253821488
0.645677165185 0.061566302552 -0.761124555345 1.097289432678
0.000000000000 0.000000000000 0.000000000000 1.000000000000
133 133 0
-0.787052362658 -0.064408559155 -0.613514560498 2.566526083764
-0.093872388348 0.995456960515 0.015918997100 0.205821238595
0.609702019958 0.070121161359 -0.789522937975 1.275920075738
0.000000000000 0.000000000000 0.000000000000 1.000000000000
134 134 0
-0.780719628350 -0.052322899681 -0.622687061113 2.529470316467
-0.096432431582 0.994639297705 0.037328991406 0.216101809615
0.617395860083 0.089190703715 -0.781580047291 1.454724323185
0.000000000000 0.000000000000 0.000000000000 1.000000000000
135 135 0
-0.788749553853 -0.045965687323 -0.612993716840 2.395883497905
-0.099675630895 0.993567100360 0.053751145930 0.213698487586
0.606579681412 0.103496727832 -0.788257266015 1.607549894991
0.000000000000 0.000000000000 0.000000000000 1.000000000000
136 136 0
-0.781482248052 -0.035573037275 -0.622912558068 2.389108981150
-0.104642750755 0.991704456977 0.074646933804 0.237812713467
0.615089741985 0.123518537195 -0.778721888914 1.789880558022
0.000000000000 0.000000000000 0.000000000000 1.000000000000
137 137 0
-0.789734632221 -0.023151534419 -0.613011596240 2.303703948335
-0.107969839087 0.988933784467 0.101747156164 0.212631320768
0.603872275004 0.146540016357 -0.783494926013 1.949476798056
0.000000000000 0.000000000000 0.000000000000 1.000000000000
138 138 0
-0.856112801649 -0.039018217202 -0.515313933034 2.264928044161
-0.116839501792 0.985940371598 0.119457584415 0.195860877130
0.503407788650 0.162478190474 -0.848635042846 2.124864661165
0.000000000000 0.000000000000 0.000000000000 1.000000000000
139 139 0
-0.874774185136 -0.052115627406 -0.481719925267 2.216026314274
-0.128078903366 0.983707040561 0.126159632465 0.188041507177
0.467296393664 0.172059349444 -0.867196437226 2.268114214409
0.000000000000 0.000000000000 0.000000000000 1.000000000000
140 140 0
-0.910737233835 -0.067455780575 -0.407440067461 2.066454339465
-0.134937084837 0.981027490268 0.139201460027 0.176203312995
0.390319963673 0.181754727599 -0.902560549190 2.402213736609
0.000000000000 0.000000000000 0.000000000000 1.000000000000
141 141 0
-0.925974574065 -0.081724671081 -0.368635546742 2.038421160984
-0.143894068606 0.978999960601 0.144407666570 0.179061068090
0.349092516684 0.186762296197 -0.918288766954 2.581721626451
0.000000000000 0.000000000000 0.000000000000 1.000000000000
142 142 0
-0.929558556645 -0.086221120495 -0.358450565836 1.916602722051
-0.146809642951 0.978424776346 0.145368104373 0.160097885103
0.338183113866 0.187752164870 -0.922161214801 2.735758102306
0.000000000000 0.000000000000 0.000000000000 1.000000000000
143 143 0
-0.945409405212 -0.095452184090 -0.311592581889 1.853981236728
-0.147744202248 0.977776325794 0.148745108890 0.153452028549
0.290469804348 0.186661022362 -0.938501441391 2.885863769704
0.000000000000 0.000000000000 0.000000000000 1.000000000000
144 144 0
-0.942042792295 -0.094709596621 -0.321846966417 1.804506234296
-0.148692237627 0.977824683854 0.147477137600 0.144174716008
0.300742407974 0.186785920114 -0.935235277400 3.057072167536
0.000000000000 0.000000000000 0.000000000000 1.000000000000
145 145 0
-0.947375689742 -0.092969936917 -0.306326448933 1.668510777626
-0.144630708630 0.977975703250 0.150484158549 0.149196302495
0.285589321592 0.186869244882 -0.939956714275 3.210894448967
0.000000000000 0.000000000000 0.000000000000 1.000000000000
146 146 0
-0.953580218533 -0.094049062785 -0.286076109824 1.678617002953
-0.143426116926 0.977154290842 0.156838901016 0.148587380465
0.264789946573 0.190589259083 -0.945284094078 3.407082060236
0.000000000000 0.000000000000 0.000000000000 1.000000000000
147 147 0
-0.977131156738 -0.101549991220 -0.186821577486 1.545907108328
-0.134869399957 0.975233034477 0.175301949274 0.132225154693
0.164392662508 0.196489510527 -0.966626569450 3.540891550003
0.000000000000 0.000000000000 0.000000000000 1.000000000000
148 148 0
-0.988410768799 -0.122249534537 -0.089995574489 1.494211979365
-0.137473564915 0.972285506718 0.189108202825 0.127119208132
0.064383002972 0.199288596592 -0.977823544509 3.720117182951
0.000000000000 0.000000000000 0.000000000000 1.000000000000
149 149 0
-0.986298514665 -0.123798148694 -0.109037875759 1.405895144903
-0.142753163309 0.971742691230 0.187983181179 0.124193280513
0.082684789021 0.200973034064 -0.976100950334 3.884832832090
0.000000000000 0.000000000000 0.000000000000 1.000000000000
150 150 0
-0.990536974700 -0.133729674775 -0.030868686989 1.350242798664
-0.137200627324 0.970629355721 0.197622472593 0.123233944544
0.003534064776 0.199987569355 -0.979792060842 4.073444180583
0.000000000000 0.000000000000 0.000000000000 1.000000000000
151 151 0
-0.988848846998 -0.144726355914 0.035103271847 1.271923973421
-0.134411106375 0.968835600048 0.208065457397 0.107611304119
-0.064121854884 0.201027018041 -0.977484795659 4.179015815207
0.000000000000 0.000000000000 0.000000000000 1.000000000000
152 152 0
-0.989150303821 -0.141991951735 0.037682384390 1.077808209449
-0.134108743029 0.977477762249 0.162948057220 0.097583593290
-0.059971005446 0.156126583101 -0.985914787674 4.142218102974
0.000000000000 0.000000000000 0.000000000000 1.000000000000
153 153 0
-0.991442262893 -0.129821508913 0.013733723970 0.997640368184
-0.127939258362 0.987171988104 0.095514460014 0.100705883779
-0.025957378918 0.092939989916 -0.995333297320 3.995261044668
0.000000000000 0.000000000000 0.000000000000 1.000000000000
154 154 0
-0.993071683171 -0.117448332898 -0.003810667009 0.808636088280
-0.117373197316 0.989827643219 0.080403788911 0.062927666614
-0.005671387421 0.080293996158 -0.996755090053 3.811460399726
0.000000000000 0.000000000000 0.000000000000 1.000000000000
155 155 0
-0.993780404501 -0.106461005459 -0.032658259991 0.601530976703
-0.108486764603 0.991751856813 0.068255962473 0.038652803392
0.025122291593 0.071374426960 -0.997133171468 3.682537585116
0.000000000000 0.000000000000 0.000000000000 1.000000000000
156 156 0
-0.988709178458 -0.094186325768 -0.116546542080 0.390146497824
-0.100281555406 0.993820921351 0.047577157652 0.001087738931
0.111345274160 0.058727440973 -0.992045017930 3.599350673272
0.000000000000 0.000000000000 0.000000000000 1.000000000000
157 157 0
