0 0 0
0.996875636858 -0.008313597772 -0.078548384647 1.459064974584
0.008818738039 0.999942592102 0.006086243462 0.445670681461
0.078493276770 -0.006759925455 0.996891723764 -3.819254598665
0.000000000000 0.000000000000 0.000000000000 1.000000000000
1 1 0
0.997235600075 -0.004627137997 -0.074160282749 1.396507098434
0.005450909475 0.999925633097 0.010909439132 0.462582245980
0.074104288198 -0.011283522067 0.997186660862 -3.950150214200
0.000000000000 0.000000000000 0.000000000000 1.000000000000
2 2 0
0.988900217308 -0.000941840089 -0.148578171833 1.427204910831
0.002816974695 0.999919017651 0.012410592007 0.470439302001
0.148554450831 -0.012691378083 0.988822786985 -4.127014556369
0.000000000000 0.000000000000 0.000000000000 1.000000000000
3 3 0
0.974602891265 0.009215652539 -0.223750477288 1.459568271901
-0.006347294426 0.999888247429 0.013535305949 0.483214295749
0.223850209273 -0.011771338155 0.974552471346 -4.161614853039
0.000000000000 0.000000000000 0.000000000000 1.000000000000
4 4 0
0.984668355842 0.009182389553 -0.174195042193 1.408352366700
-0.006888326965 0.999881468496 0.013769528304 0.473902391996
0.174300831766 -0.012358506389 0.984614892923 -4.131525943811
0.000000000000 0.000000000000 0.000000000000 1.000000000000
5 5 0
0.997206338052 0.005458736887 -0.074496453206 1.270568231586
-0.004629262112 0.999925408320 0.011302554101 0.462656441990
0.074552594060 -0.010926114977 0.997157224679 -4.077356645821
0.000000000000 0.000000000000 0.000000000000 1.000000000000
6 6 0
0.999885002884 -0.001001672308 -0.015132007794 1.138118517194
0.001112109662 0.999972797442 0.007291610816 0.435402576109
0.015124292360 -0.007307600754 0.999858917424 -3.918980340050
0.000000000000 0.000000000000 0.000000000000 1.000000000000
7 7 0
0.999999818210 0.000580143085 0.000164358139 0.946745565693
-0.000580178871 0.999999807985 0.000217767692 0.422123848810
-0.000164231771 -0.000217863009 0.999999962782 -3.772397650672
0.000000000000 0.000000000000 0.000000000000 1.000000000000
8 8 0
0.997466561768 0.001127785371 0.071127956914 0.731482456149
-0.000792627602 0.999988451584 -0.004740088599 0.422248416915
-0.071132481301 0.004671701896 0.997455936523 -3.582496409131
0.000000000000 0.000000000000 0.000000000000 1.000000000000
9 9 0
0.999146895862 0.007087374766 0.040684758912 0.583422463127
-0.006706837845 0.999932550948 -0.009482187586 0.407083900006
-0.040749218581 0.009201232212 0.999127038224 -3.346326839622
0.000000000000 0.000000000000 0.000000000000 1.000000000000
10 10 0
0.999798448747 0.017597635061 -0.009663597853 0.345853504839
-0.017730941568 0.999746353155 -0.013886794613 0.381998724900
0.009416771968 0.014055340401 0.999856875664 -3.105632552657
0.000000000000 0.000000000000 0.000000000000 1.000000000000
11 11 0
0.989810399991 0.031023234697 -0.138970971714 0.137697449908
-0.034189030768 0.999206124631 -0.020450688871 0.361317557308
0.138226199562 0.024993587359 0.990085268220 -2.931479964062
0.000000000000 0.000000000000 0.000000000000 1.000000000000
12 12 0
0.990916585797 0.042875657719 -0.127459789613 -0.175938211823
-0.046797772696 0.998513660262 -0.027936333713 0.376513751800
0.126072552381 0.033647410684 0.991450232382 -2.854565287421
0.000000000000 0.000000000000 0.000000000000 1.000000000000
13 13 0
0.997674498885 0.049600828762 -0.046747749257 -0.399235409238
-0.051137716654 0.998169986684 -0.032274008410 0.358475037305
0.045061382689 0.034589528323 0.998385214394 -2.780949517112
0.000000000000 0.000000000000 0.000000000000 1.000000000000
14 14 0
0.992861144026 0.051607892780 0.107533130176 -0.609321462217
-0.047311721423 0.997991357695 -0.042128980318 0.375169268419
-0.109491322480 0.036740650097 0.993308499376 -2.834654465562
0.000000000000 0.000000000000 0.000000000000 1.000000000000
15 15 0
0.959771649451 0.049424031077 0.276397623114 -0.759881240233
-0.038459671264 0.998248497056 -0.044953218032 0.376915724350
-0.278135281109 0.032514662496 0.959991438569 -2.777679805871
0.000000000000 0.000000000000 0.000000000000 1.000000000000
16 16 0
0.881465288511 0.042743031762 0.470310512733 -0.825802197965
-0.023880828861 0.998655834906 -0.046002493636 0.379483755109
-0.471644623805 0.029318196459 0.881301192665 -2.763230994156
0.000000000000 0.000000000000 0.000000000000 1.000000000000
17 17 0
0.784938585954 0.032298518811 0.618731138673 -0.806287220118
-0.009310946407 0.999142452510 -0.040344341234 0.432674795118
-0.619503609802 0.025906857687 0.784566193617 -2.833843252355
0.000000000000 0.000000000000 0.000000000000 1.000000000000
18 18 0
0.716361289901 0.017543081414 0.697508955230 -0.774422214128
0.000998956407 0.999657050205 -0.026168379032 0.448075734918
-0.697728818680 0.019442794798 0.716098089170 -2.978003229687
0.000000000000 0.000000000000 0.000000000000 1.000000000000
19 19 0
0.704100681094 -0.040647704707 0.708935818664 -0.735479816594
0.007740684070 0.998740352077 0.049576112618 0.416132617917
-0.710057964319 -0.029418926462 0.703528403174 -3.014231807691
0.000000000000 0.000000000000 0.000000000000 1.000000000000
20 20 0
0.681487801449 -0.122512582991 0.721501935885 -0.753697687969
0.020322279335 0.988675906692 0.148684082841 0.319296361624
-0.731547251679 -0.086663824844 0.676260304930 -2.913075503109
0.000000000000 0.000000000000 0.000000000000 1.000000000000
21 21 0
0.555542194300 -0.173694630038 0.813143926896 -0.733972365200
0.045865071208 0.982850330853 0.178610252743 0.254445570558
-0.830222419352 -0.061930627624 0.553981346046 -2.737594544163
0.000000000000 0.000000000000 0.000000000000 1.000000000000
22 22 0
0.423767036273 -0.212973688051 0.880377025578 -0.853198968825
0.088959925871 0.977050938837 0.193539645827 0.208959501198
-0.901392051528 -0.003697447180 0.432988104140 -2.484782070488
0.000000000000 0.000000000000 0.000000000000 1.000000000000
23 23 0
0.347317499981 -0.235749665423 0.907630238291 -0.935903564706
0.134457385458 0.970401981443 0.200602108434 0.181948089176
-0.928058061601 0.052364966011 0.368735873806 -2.147865074625
0.000000000000 0.000000000000 0.000000000000 1.000000000000
24 24 0
0.288474401950 -0.243413257371 0.926030510057 -1.060122584439
0.166184869170 0.965196010659 0.201938728993 0.166750096175
-0.942955517868 0.095638105084 0.318885942270 -1.892136023781
0.000000000000 0.000000000000 0.000000000000 1.000000000000
25 25 0
0.160061255971 -0.251428210249 0.954549238870 -1.147506650422
0.181126083659 0.958079034408 0.221986273552 0.148571741884
-0.970347224531 0.137362363543 0.198891540611 -1.610515443615
0.000000000000 0.000000000000 0.000000000000 1.000000000000
26 26 0
0.040098585080 -0.240831310873 0.969738306544 -1.324389946532
0.188866736491 0.954850608768 0.229324378953 0.102825878432
-0.981183703147 0.173955726087 0.083773182104 -1.286949545638
0.000000000000 0.000000000000 0.000000000000 1.000000000000
27 27 0
-0.005489102402 -0.231234776040 0.972882494500 -1.429541056525
0.198557804862 0.953273349127 0.227694356478 0.073664067371
-0.980073807365 0.194423250136 0.040680854508 -0.944277954317
0.000000000000 0.000000000000 0.000000000000 1.000000000000
28 28 0
-0.057257159062 -0.215428781363 0.974839503660 -1.590048500390
0.194620369095 0.955299987750 0.222541783353 0.031531541665
-0.979206071095 0.202465734298 -0.012770934408 -0.632947724660
0.000000000000 0.000000000000 0.000000000000 1.000000000000
29 29 0
-0.091112940032 -0.210358324855 0.973369306750 -1.708956301302
0.190145390891 0.955776926367 0.224355069806 0.022882147124
-0.977518880882 0.205523337335 -0.047084979869 -0.399790652348
0.000000000000 0.000000000000 0.000000000000 1.000000000000
30 30 0
-0.127724475872 -0.199555002165 0.971526767194 -1.913279066099
0.182703599385 0.958052041650 0.220806884546 -0.006166049837
-0.974836321151 0.205703880863 -0.085907277707 -0.248398886670
0.000000000000 0.000000000000 0.000000000000 1.000000000000
31 31 0
-0.103498653630 -0.196099616497 0.975106644991 -2.084219080578
0.188103956780 0.958820805347 0.212789954364 -0.010837101415
-0.976680567095 0.205444891988 -0.062349548640 -0.297810129102
0.000000000000 0.000000000000 0.000000000000 1.000000000000
32 32 0
0.005110692358 -0.195255428329 0.980739108291 -2.276264690114
0.191059908016 0.962875060700 0.190703248612 0.026810894105
-0.981565072918 0.186405298183 0.042226442391 -0.350992906981
0.000000000000 0.000000000000 0.000000000000 1.000000000000
33 33 0
0.125723819676 -0.205042569739 0.970644665035 -2.248091383588
0.189932909122 0.965284304045 0.179308957936 0.024046615523
-0.973714029476 0.161813957860 0.160303561542 -0.629384204262
0.000000000000 0.000000000000 0.000000000000 1.000000000000
34 34 0
0.249411057076 -0.203933841304 0.946681104163 -2.276122971330
0.184246226319 0.969711292195 0.160353789715 0.068113526646
-0.950708921119 0.134428412771 0.279430759124 -0.982403267670
0.000000000000 0.000000000000 0.000000000000 1.000000000000
35 35 0
0.393030029351 -0.200978302248 0.897293217434 -2.253738647782
0.175771206918 0.974248544940 0.141224132149 0.084258701356
-0.902569597786 0.102212986984 0.418235132963 -1.394293222793
0.000000000000 0.000000000000 0.000000000000 1.000000000000
36 36 0
0.543485695179 -0.192844051240 0.816966627860 -2.196897031757
0.161834258418 0.979066082713 0.123447472568 0.102910610546
-0.823670426771 0.065121252925 0.563317184612 -1.731003987368
0.000000000000 0.000000000000 0.000000000000 1.000000000000
37 37 0
0.705398176405 -0.172055387013 0.687612068338 -2.016767845954
0.141354367208 0.984752689384 0.101395678521 0.097570960159
-0.694573506258 0.025672642080 0.718963531657 -1.991735575731
0.000000000000 0.000000000000 0.000000000000 1.000000000000
38 38 0
0.817459478773 -0.150027100217 0.556104189666 -1.763655748020
0.114997673041 0.988554428128 0.097650795307 0.079395955829
-0.564389524849 -0.015874880453 0.825355954974 -2.213087618400
0.000000000000 0.000000000000 0.000000000000 1.000000000000
39 39 0
0.866730671521 -0.128978186766 0.481811758244 -1.652274246606
0.090813850945 0.990648444939 0.101825846502 0.095055062912
-0.490439382106 -0.044500403121 0.870338397752 -2.493492904713
0.000000000000 0.000000000000 0.000000000000 1.000000000000
40 40 0
0.908564195947 -0.119635415233 0.400248009695 -1.454165835501
0.077889036478 0.989827938505 0.119054399967 0.138960403798
-0.410419784903 -0.076993633353 0.908640512295 -2.719981824368
0.000000000000 0.000000000000 0.000000000000 1.000000000000
41 41 0
0.923598558804 -0.114063860732 0.365998822198 -1.369338282153
0.068371276278 0.988414729073 0.135505320676 0.165965909934
-0.377214886710 -0.100128712297 0.920697111008 -3.089335781432
0.000000000000 0.000000000000 0.000000000000 1.000000000000
42 42 0
0.918055492805 -0.120764847363 0.377610862889 -1.240584165367
0.067824095709 0.986276349161 0.150528585747 0.201055923088
-0.390607224936 -0.112582479664 0.913647186337 -3.439601165539
0.000000000000 0.000000000000 0.000000000000 1.000000000000
43 43 0
0.847174992890 -0.150802459702 0.509463590033 -1.152872825703
0.065018613481 0.981093093562 0.182288018436 0.232135455018
-0.527320691157 -0.121305234479 0.840962501403 -3.662922852798
0.000000000000 0.000000000000 0.000000000000 1.000000000000
44 44 0
0.716220068150 -0.191845120883 0.670987528627 -1.378841068966
0.064242704621 0.975515104809 0.210340569536 0.153992838594
-0.694911281303 -0.107544083441 0.711008144281 -3.575721864908
0.000000000000 0.000000000000 0.000000000000 1.000000000000
45 45 0
0.597125094581 -0.227908489501 0.769089943917 -1.566376839858
0.080465999683 0.970970527742 0.225258645009 0.112385856427
-0.798102026258 -0.072621998523 0.598129752657 -3.275672321924
0.000000000000 0.000000000000 0.000000000000 1.000000000000
46 46 0
0.519187248082 -0.243144155243 0.819344568054 -1.775346344970
0.099289603138 0.969346511685 0.224741885264 0.106962531072
-0.848873474752 -0.035330723944 0.527414034519 -2.919920799960
0.000000000000 0.000000000000 0.000000000000 1.000000000000
47 47 0
0.443225103646 -0.242814601451 0.862897778894 -2.015079919508
0.113259701634 0.970069418618 0.214796562003 0.054031949238
-0.889226488294 0.002528316522 0.457460227923 -2.509664337997
0.000000000000 0.000000000000 0.000000000000 1.000000000000
48 48 0
0.403362573696 -0.243263322643 0.882112005359 -2.215574556390
0.124771072723 0.969632443234 0.210345203036 0.006202385196
-0.906493691954 0.025216678709 0.421465663562 -2.059342120237
0.000000000000 0.000000000000 0.000000000000 1.000000000000
49 49 0
0.390963300433 -0.238146344621 0.889063561428 -2.480958830797
0.130131692839 0.970545865011 0.202747296972 0.010014030635
-0.911160490931 0.036428593912 0.410438201575 -1.675157545674
0.000000000000 0.000000000000 0.000000000000 1.000000000000
50 50 0
0.365354515850 -0.234312296396 0.900896123593 -2.653390790554
0.129320918370 0.971193088138 0.200150157696 -0.005866078807
-0.921841731437 0.043378950097 0.385131261869 -1.284439738502
0.000000000000 0.000000000000 0.000000000000 1.000000000000
51 51 0
0.330758890507 -0.232848878135 0.914538110907 -2.876636717920
0.125300060274 0.971338472295 0.201993730435 -0.009714168632
-0.935360065026 0.047780458251 0.350454813868 -0.874214810943
0.000000000000 0.000000000000 0.000000000000 1.000000000000
52 52 0
0.299562959179 -0.233118003147 0.925158381088 -3.071480781275
0.123376892689 0.971013133020 0.204723320247 -0.025995490744
-0.946065629773 0.052815642678 0.319640942388 -0.533060429490
0.000000000000 0.000000000000 0.000000000000 1.000000000000
53 53 0
0.251818749637 -0.236883844564 0.938335420580 -3.191309742305
0.119971911013 0.969742815928 0.212616113041 -0.008128171801
-0.960309355312 0.059033169839 0.272618830896 -0.207463450626
0.000000000000 0.000000000000 0.000000000000 1.000000000000
54 54 0
0.160497983265 -0.239218828318 0.957608870858 -3.328244905264
0.114279235316 0.968165229101 0.222702369847 0.011182449705
-0.980398211822 0.073691528264 0.182726311512 0.171565549156
0.000000000000 0.000000000000 0.000000000000 1.000000000000
55 55 0
0.067385631385 -0.245559605170 0.967036533432 -3.386510150280
0.112034692503 0.964971956738 0.237228477181 0.027910904459
-0.991416867094 0.092355849945 0.092536439430 0.492789458987
0.000000000000 0.000000000000 0.000000000000 1.000000000000
56 56 0
-0.054671661975 -0.250497287414 0.966572355478 -3.387621187448
0.106752037367 0.961005563226 0.255092747772 0.024998884472
-0.992781452232 0.117129912688 -0.025798675522 0.767788020966
0.000000000000 0.000000000000 0.000000000000 1.000000000000
57 57 0
-0.178801114557 -0.254026364090 0.950526573948 -3.276884424694
0.105800274625 0.955528889634 0.275265041306 -0.000843246586
-0.978180179375 0.149783668746 -0.143973571375 1.018476033200
0.000000000000 0.000000000000 0.000000000000 1.000000000000
58 58 0
-0.263827946738 -0.252702030623 0.930879421966 -3.312563344127
0.108333081453 0.951203219607 0.288922789812 -0.019420597756
-0.958466878918 0.177070942645 -0.223578002692 1.341600243154
0.000000000000 0.000000000000 0.000000000000 1.000000000000
59 59 0
-0.344344391004 -0.248301303809 0.905413387857 -3.305421161801
0.111877331655 0.946668070275 0.302163908143 -0.056328739716
-0.932153637039 0.205343680811 -0.298200552825 1.709007588384
0.000000000000 0.000000000000 0.000000000000 1.000000000000
60 60 0
-0.316381624828 -0.246229833473 0.916118734979 -3.379239121557
0.135937680896 0.943991548240 0.300667430501 -0.220659278691
-0.938841634347 0.219660706453 -0.265189667327 1.872338765376
0.000000000000 0.000000000000 0.000000000000 1.000000000000
61 61 0
-0.319730267812 -0.203096465679 0.925486024462 -3.365355796227
0.139508358497 0.956021263898 0.257993722568 -0.306397830833
-0.937181932047 0.211601438095 -0.277335280196 1.971222933238
0.000000000000 0.000000000000 0.000000000000 1.000000000000
62 62 0
-0.430845731880 -0.186944290285 0.882849810359 -3.188568209998
0.115889246435 0.958745273691 0.259571151585 -0.274790233464
-0.894953427772 0.214147922017 -0.391406476204 2.221903741064
0.000000000000 0.000000000000 0.000000000000 1.000000000000
63 63 0
-0.603497937699 -0.172294380920 0.778527382625 -3.015872327755
0.081909561695 0.957814670648 0.275466659314 -0.246074639933
-0.793146306110 0.230012397479 -0.563926621210 2.575462135363
0.000000000000 0.000000000000 0.000000000000 1.000000000000
64 64 0
-0.728055861129 -0.154126259077 0.667966884912 -2.791514881948
0.059227156942 0.956611579703 0.285283069001 -0.266097891667
-0.682954469168 0.247263789992 -0.687338207291 2.916008363250
0.000000000000 0.000000000000 0.000000000000 1.000000000000
65 65 0
-0.804740426256 -0.140134790602 0.576849275646 -2.492816351081
0.046588872292 0.953830596038 0.296709742073 -0.269244151772
-0.591795845988 0.265649081545 -0.761057318568 3.089310482622
0.000000000000 0.000000000000 0.000000000000 1.000000000000
66 66 0
-0.900821544777 -0.113927937742 0.418976096534 -2.247744417913
0.019089824725 0.953635887536 0.300356742217 -0.256769866885
-0.433769665902 0.278566004755 -0.856880889003 3.397545905757
0.000000000000 0.000000000000 0.000000000000 1.000000000000
67 67 0
-0.934664365589 -0.095782880935 0.342385986012 -1.922752761284
0.016061558664 0.950667362935 0.309796048043 -0.230003873848
-0.355168340412 0.295054579306 -0.887016485303 3.564904353893
0.000000000000 0.000000000000 0.000000000000 1.000000000000
68 68 0
-0.951904370083 -0.085549425486 0.294209731340 -1.506917423049
0.015110564564 0.945953152385 0.323951083237 -0.218790267868
-0.306022451881 0.312816126968 -0.899164239533 3.660070639678
0.000000000000 0.000000000000 0.000000000000 1.000000000000
69 69 0
-0.959643597784 -0.081026812688 0.269293187545 -1.139519029821
0.020345001452 0.935079395240 0.353853932456 -0.227146991305
-0.280482167255 0.345052431123 -0.895694464440 3.636204007928
0.000000000000 0.000000000000 0.000000000000 1.000000000000
70 70 0
-0.965309072669 -0.070200322698 0.251496140957 -0.859124224581
0.030990850185 0.925569878222 0.377306198907 -0.207124886226
-0.259264269478 0.372011176205 -0.891285433153 3.558021782750
0.000000000000 0.000000000000 0.000000000000 1.000000000000
71 71 0
-0.977646816315 -0.050153341330 0.204184585368 -0.494738839917
0.032820332221 0.922825785616 0.383816877162 -0.272868542865
-0.207676499251 0.381938753932 -0.900551641997 3.682752123444
0.000000000000 0.000000000000 0.000000000000 1.000000000000
72 72 0
-0.994328000773 -0.011055042781 0.105780966661 -0.086974485788
0.030261814426 0.924067101626 0.381030463718 -0.324608594746
-0.101961019347 0.382070383205 -0.918491248086 3.758310828502
0.000000000000 0.000000000000 0.000000000000 1.000000000000
73 73 0
-0.998974104114 0.025981478942 0.037090457822 0.343693012943
0.038025530822 0.926055561447 0.375466584556 -0.348083846582
-0.024592647582 0.376491779279 -0.926093484385 3.875104345610
0.000000000000 0.000000000000 0.000000000000 1.000000000000
74 74 0
-0.998546078978 0.053453118631 0.006963638909 0.786221485267
0.052253627999 0.928119421164 0.368597203489 -0.401230107792
0.013239581532 0.368425167663 -0.929563128202 4.008699140649
0.000000000000 0.000000000000 0.000000000000 1.000000000000
75 75 0
-0.997673341083 0.068086576175 -0.003481757865 1.199862554151
0.062200753555 0.929958628392 0.362364479133 -0.435224558438
0.027910047480 0.361304812623 -0.932029968201 4.110414924734
0.000000000000 0.000000000000 0.000000000000 1.000000000000
76 76 0
-0.996701049044 0.077126568493 -0.025268780492 1.666830397326
0.063137272155 0.932459926919 0.355713606087 -0.450465702040
0.050997095015 0.352944722475 -0.934253348497 4.292859196482
0.000000000000 0.000000000000 0.000000000000 1.000000000000
77 77 0
-0.996065186713 0.081616922657 -0.034537251698 2.094922377258
0.064411592420 0.934374382369 0.350422117358 -0.461799733737
0.060871098073 0.346818672375 -0.935954869591 4.389921414544
0.000000000000 0.000000000000 0.000000000000 1.000000000000
78 78 0
-0.991070708832 0.090300027679 -0.098105836204 2.403202170005
0.050837350744 0.936095427937 0.348053032691 -0.423733009520
0.123265623210 0.339957725015 -0.932327373478 4.454996349061
0.000000000000 0.000000000000 0.000000000000 1.000000000000
79 79 0
-0.970572534999 0.109339934952 -0.214554731783 2.622626195600
0.030072725264 0.939034370719 0.342505593829 -0.337460589771
0.238923806895 0.325974276951 -0.914689119464 4.422593190840
0.000000000000 0.000000000000 0.000000000000 1.000000000000
80 80 0
-0.973071763950 0.106400900663 -0.204475403269 2.720942649208
0.042563206467 0.954773051371 0.294273331839 -0.303221613763
0.226538552258 0.277645941289 -0.933591460772 4.393609491874
0.000000000000 0.000000000000 0.000000000000 1.000000000000
81 81 0
-0.993256553492 0.076240123152 -0.087343360172 2.532842521299
0.053634561011 0.970069956920 0.236828234266 -0.298742774846
0.102784983385 0.230546572957 -0.967617447594 4.310378739462
0.000000000000 0.000000000000 0.000000000000 1.000000000000
82 82 0
-0.999127661755 0.041162918940 -0.007037728403 2.206842320868
0.038462385639 0.972704121602 0.228839106599 -0.305180550262
0.016265313019 0.228368793671 -0.973438818658 4.105932810258
0.000000000000 0.000000000000 0.000000000000 1.000000000000
83 83 0
-0.999799495500 0.007877569640 0.018409581585 1.791821148203
0.011729047533 0.975529918390 0.219553655787 -0.349616249700
-0.016229548409 0.219725561148 -0.975426716641 4.031053354059
0.000000000000 0.000000000000 0.000000000000 1.000000000000
84 84 0
-0.998231842950 -0.022530958100 0.055004942029 1.407815467890
-0.010319636771 0.977014974318 0.212920748298 -0.378936856120
-0.058537960482 0.211976639953 -0.975519969707 3.916181164844
0.000000000000 0.000000000000 0.000000000000 1.000000000000
85 85 0
-0.983463410405 -0.056383993584 0.172106262705 0.957054201464
-0.018758237924 0.976903703268 0.212855075229 -0.361565793202
-0.180132864588 0.206106767982 -0.961806712020 3.880160183836
0.000000000000 0.000000000000 0.000000000000 1.000000000000
86 86 0
-0.958152324981 -0.087422577073 0.272582859242 0.518980560824
-0.028096047386 0.976347598330 0.214373457677 -0.344752224669
-0.284876700093 0.197743925957 -0.937945950197 3.760695987892
0.000000000000 0.000000000000 0.000000000000 1.000000000000
87 87 0
-0.946683068258 -0.111792618550 0.302148272726 0.033249141296
-0.044832244436 0.974452632519 0.220073026142 -0.344650378575
-0.319031719634 0.194793422410 -0.927509722026 3.686122189000
0.000000000000 0.000000000000 0.000000000000 1.000000000000
88 88 0
-0.945104059730 -0.127968540302 0.300669867089 -0.372013824695
-0.058655383038 0.971620023928 0.229159497169 -0.356153371433
-0.321462069805 0.198943664878 -0.925788072877 3.604796544004
0.000000000000 0.000000000000 0.000000000000 1.000000000000
89 89 0
-0.963015646695 -0.138094120039 0.231367409612 -0.551558120957
-0.078379715931 0.965119087923 0.249803455257 -0.339277671231
-0.257793491676 0.222430124170 -0.940248560494 3.408375841093
0.000000000000 0.000000000000 0.000000000000 1.000000000000
90 90 0
-0.985065708083 -0.127629539068 0.115569249877 -0.560826077375
-0.092383385976 0.958203959805 0.270759083708 -0.280276992573
-0.145295769916 0.256038809894 -0.955684711122 3.188383439251
0.000000000000 0.000000000000 0.000000000000 1.000000000000
91 91 0
-0.993747326311 -0.105140762061 0.037572218496 -0.420120952000
-0.090935198688 0.957410055057 0.274037909996 -0.222994597416
-0.064784574470 0.268907803213 -0.960984678485 3.040036253782
0.000000000000 0.000000000000 0.000000000000 1.000000000000
92 92 0
-0.995053532694 -0.072621360158 -0.067783516591 -0.127688819693
-0.088611020819 0.957302947765 0.275171134368 -0.173521985368
0.044906058188 0.279816375948 -0.959002732889 2.944866112918
0.000000000000 0.000000000000 0.000000000000 1.000000000000
93 93 0
-0.993838342689 -0.042984979620 -0.102164769502 0.282577466543
-0.070087337840 0.957783578347 0.278816036345 -0.167363168074
0.085866836875 0.284258524192 -0.954894746948 3.026292370693
0.000000000000 0.000000000000 0.000000000000 1.000000000000
94 94 0
-0.994856947831 -0.019454317775 -0.099404139106 0.623232059464
-0.047681584814 0.955792727880 0.290149492162 -0.162519899753
0.089365092856 0.293396985077 -0.951804648721 3.010615457614
0.000000000000 0.000000000000 0.000000000000 1.000000000000
95 95 0
-0.985653571234 0.000845396530 -0.168778916983 0.984028974842
-0.048090661586 0.957129821890 0.285639269565 -0.166294839911
0.161784813198 0.289658055911 -0.943357771402 3.154504531136
0.000000000000 0.000000000000 0.000000000000 1.000000000000
96 96 0
-0.938865372866 0.012096882530 -0.344071906826 1.384851169642
-0.060734516577 0.977889967760 0.200106295380 -0.307162595155
0.338885128222 0.208769912554 -0.917372330890 3.243485311653
0.000000000000 0.000000000000 0.000000000000 1.000000000000
97 97 0
-0.857696880273 0.023448700533 -0.513620696636 1.741847408823
-0.080564825692 0.980490364000 0.179298507984 -0.347421256340
0.507804460822 0.195163532832 -0.839074385869 3.288620327146
0.000000000000 0.000000000000 0.000000000000 1.000000000000
98 98 0
-0.766072240075 0.025640757603 -0.642242847011 2.147820839926
-0.102362810768 0.981584499481 0.161287709853 -0.370029116751
0.634551162601 0.189299820199 -0.749339976322 3.321929968095
0.000000000000 0.000000000000 0.000000000000 1.000000000000
99 99 0
-0.700075302408 0.024723856477 -0.713640877388 2.480251805015
-0.121802591632 0.980619196489 0.153460483996 -0.376173320063
0.703604078747 0.194357203101 -0.683495850736 3.246092683341
0.000000000000 0.000000000000 0.000000000000 1.000000000000
100 100 0
-0.664480722480 0.018658194516 -0.747072447109 2.857768977335
-0.137571608371 0.979548839284 0.146826850500 -0.347845954601
0.734533472363 0.200339569818 -0.648324482603 3.128843761266
0.000000000000 0.000000000000 0.000000000000 1.000000000000
101 101 0
-0.683792961531 0.016221259249 -0.729495754963 3.122330999523
-0.147879409132 0.975925483481 0.160315723018 -0.337899423064
0.714534020265 0.217500164231 -0.664932186350 2.926349038616
0.000000000000 0.000000000000 0.000000000000 1.000000000000
102 102 0
-0.670377092091 0.015098274456 -0.741866966853 3.421568282277
-0.160673732000 0.973118991785 0.164995089846 -0.337649704066
0.724415975973 0.229807462752 -0.649930783868 2.713958969591
0.000000000000 0.000000000000 0.000000000000 1.000000000000
103 103 0
-0.652244697161 0.018728347115 -0.757777080704 3.668821103812
-0.170475874361 0.970460163903 0.170719203775 -0.265245233594
0.738589758450 0.240533405770 -0.629784764362 2.434265251805
0.000000000000 0.000000000000 0.000000000000 1.000000000000
104 104 0
-0.593935398108 0.021938951508 -0.804213544577 3.946948210352
-0.179992110098 0.970665511295 0.159409239020 -0.211885063826
0.784119623002 0.239430882698 -0.572563768706 2.206107856880
0.000000000000 0.000000000000 0.000000000000 1.000000000000
105 105 0
-0.539680969388 0.031254357471 -0.841289258472 4.072906351760
-0.181883712402 0.971381153214 0.152764427614 -0.162359395558
0.821987084110 0.235460867918 -0.518551263846 1.984499773222
0.000000000000 0.000000000000 0.000000000000 1.000000000000
106 106 0
-0.486419034422 0.045373784589 -0.872546699394 4.286952842224
-0.173634996304 0.973711975483 0.147430922334 -0.131814430876
0.856298669280 0.223217849810 -0.465753562001 1.724372623070
0.000000000000 0.000000000000 0.000000000000 1.000000000000
107 107 0
-0.486727793662 0.088378351386 -0.869071528635 4.329835751367
-0.094531082856 0.983697980145 0.152977639651 -0.107578816587
0.868423818910 0.156612741708 -0.470438646248 1.422913961126
0.000000000000 0.000000000000 0.000000000000 1.000000000000
108 108 0
-0.424405905151 0.083344223558 -0.901628176175 4.479737092862
-0.083406609331 0.987922981604 0.130581468588 -0.140778378732
0.901622407215 0.130621295424 -0.412328888133 1.171437454581
0.000000000000 0.000000000000 0.000000000000 1.000000000000
109 109 0
-0.261486998571 0.079693591014 -0.961911368646 4.648891699248
-0.075873712063 0.991804518249 0.102795804378 -0.183593829179
0.962220208370 0.099863552567 -0.253297338068 0.883442866738
0.000000000000 0.000000000000 0.000000000000 1.000000000000
110 110 0
-0.091306819545 0.083178023998 -0.992342925116 4.881698165076
-0.066710702962 0.993756072460 0.089434616113 -0.166451122668
0.993585802442 0.074365884468 -0.085187841928 0.603649871290
0.000000000000 0.000000000000 0.000000000000 1.000000000000
111 111 0
0.034255174723 0.113450947764 -0.992952901933 4.938042882337
-0.056161083728 0.992184582501 0.111425701350 -0.139550763783
0.997833911871 0.051948404195 0.040358984407 0.258245567283
0.000000000000 0.000000000000 0.000000000000 1.000000000000
112 112 0
0.144651375068 0.130816878462 -0.980797086048 4.987772425471
-0.041927035703 0.991142175377 0.126013141644 -0.103510920469
0.988594003304 0.022893940229 0.148854842490 -0.158845961211
0.000000000000 0.000000000000 0.000000000000 1.000000000000
113 113 0
0.241702160700 0.152193882860 -0.958340799263 4.912706782894
-0.026252013644 0.988287463307 0.150328711991 -0.066282643496
0.969995307871 -0.011176398766 0.242866611164 -0.571365439639
0.000000000000 0.000000000000 0.000000000000 1.000000000000
114 114 0
0.343470955403 0.150104227337 -0.927090299663 4.962699023517
-0.006640318741 0.987508407365 0.157426336903 0.001092497241
0.939139823967 -0.047915199250 0.340177196060 -0.996671808922
0.000000000000 0.000000000000 0.000000000000 1.000000000000
115 115 0
0.466066310828 0.089041715122 -0.880257784333 4.920893248916
0.014400926451 0.994027578396 0.108174796994 0.053937623223
0.884632583183 -0.063093156170 0.462000483134 -1.371139492574
0.000000000000 0.000000000000 0.000000000000 1.000000000000
116 116 0
0.493241471757 0.075802946445 -0.866583385399 4.831700777900
0.031315675745 0.994002990866 0.104773005121 0.094809861390
0.869328579417 -0.078816035549 0.487909677654 -1.695987567000
0.000000000000 0.000000000000 0.000000000000 1.000000000000
117 117 0
0.522769844098 0.066718147491 -0.849859034721 4.759110046929
0.034842750160 0.994427325673 0.099500134255 0.069483097057
0.851761511729 -0.081627095690 0.517531974265 -1.939334138885
0.000000000000 0.000000000000 0.000000000000 1.000000000000
118 118 0
0.573547145106 0.061025901232 -0.816896267417 4.827214818056
0.037139066619 0.994258679738 0.100351220700 0.068164938922
0.818330228008 -0.087894921037 0.567987782250 -2.163283896207
0.000000000000 0.000000000000 0.000000000000 1.000000000000
119 119 0
0.576580605474 0.084362360973 -0.812673241495 4.649200441015
0.027529860268 0.992084295036 0.122518808090 0.091105900792
0.816576335798 -0.093014749332 0.569694079504 -2.434737180480
0.000000000000 0.000000000000 0.000000000000 1.000000000000
120 120 0
0.579854116667 0.137555933865 -0.803024014860 4.360282623382
-0.039144153033 0.989209263506 0.141183456101 0.109809552624
0.813779416468 -0.050432113298 0.578981574215 -2.572574806858
0.000000000000 0.000000000000 0.000000000000 1.000000000000
121 121 0
0.634282068324 0.148082911240 -0.758786998572 4.110610102034
-0.050056230503 0.987290925763 0.150834351837 0.157847147122
0.771479508212 -0.057689507754 0.633633402769 -2.812778121862
0.000000000000 0.000000000000 0.000000000000 1.000000000000
122 122 0
0.781358211800 0.110039467986 -0.614305022231 3.916578061310
-0.023769933885 0.988865700275 0.146900024038 0.199498150459
0.623629966483 -0.100179550332 0.775273966156 -3.116349469450
0.000000000000 0.000000000000 0.000000000000 1.000000000000
123 123 0
0.896662504604 0.074847486362 -0.436341846059 3.683471920950
-0.009061925559 0.988501418175 0.150939815061 0.237553413014
0.442621999388 -0.131387975290 0.887030419776 -3.456252317927
0.000000000000 0.000000000000 0.000000000000 1.000000000000
124 124 0
0.949374641513 0.043792455822 -0.311078785624 3.390083191331
0.003477190818 0.988710394313 0.149798749396 0.254416492934
0.314126883912 -0.143296814304 0.938504301436 -3.688230811412
0.000000000000 0.000000000000 0.000000000000 1.000000000000
125 125 0
0.972821400824 0.020305743441 -0.230664689283 3.120230834017
0.014905918358 0.988589968192 0.149892255933 0.284611343488
0.231076471534 -0.149256663416 0.961418801943 -4.070646313450
0.000000000000 0.000000000000 0.000000000000 1.000000000000
126 126 0
0.980355274376 0.005856117090 -0.197152838926 2.807321316608
0.024142650757 0.988480217196 0.149412156888 0.216088279484
0.195756656128 -0.151236788197 0.968920412354 -4.372269907917
0.000000000000 0.000000000000 0.000000000000 1.000000000000
127 127 0
0.983579995655 -0.003704263821 -0.180434671218 2.471338645108
0.031652997606 0.987832555500 0.152265984504 0.177572133721
0.177675208992 -0.155477074593 0.971729591700 -4.610686717794
0.000000000000 0.000000000000 0.000000000000 1.000000000000
128 128 0
0.985539070275 -0.008516846665 -0.169234169967 2.162719580752
0.033325423250 0.988972586078 0.144300520277 0.148134656538
0.166138969320 -0.147853600936 0.974954950530 -4.702693142822
0.000000000000 0.000000000000 0.000000000000 1.000000000000
129 129 0
0.996216340035 -0.018383359348 -0.084941485423 1.848153926120
0.028652292200 0.992201583179 0.121305665526 0.198935427770
0.082049070673 -0.123280454397 0.988974155155 -4.562163389838
0.000000000000 0.000000000000 0.000000000000 1.000000000000
130 130 0
0.997710496258 -0.031715500567 0.059731839759 1.544353545735
0.024390741889 0.992523417641 0.119592462738 0.267555749024
-0.063078184560 -0.117861751461 0.991024596150 -4.476043053811
0.000000000000 0.000000000000 0.000000000000 1.000000000000
131 131 0
0.996683533584 -0.034329234066 0.073779655532 1.187427271974
0.025926519865 0.993373163577 0.111971306385 0.307843680085
-0.077134619009 -0.109687107603 0.990968712410 -4.286956444132
0.000000000000 0.000000000000 0.000000000000 1.000000000000
132 132 0
0.998389744084 -0.028743959550 0.048905047763 1.000801221051
0.023051056185 0.993301464295 0.113229191631 0.319130242646
-0.051832110859 -0.111919550652 0.992364573363 -3.931504701530
0.000000000000 0.000000000000 0.000000000000 1.000000000000
133 133 0
0.997391792355 -0.022768304471 0.068492458374 0.765240342807
0.014934128566 0.993506580829 0.112790272865 0.311106264094
-0.070615751406 -0.111473217234 0.991255334156 -3.655259839131
0.000000000000 0.000000000000 0.000000000000 1.000000000000
134 134 0
0.999726921876 -0.015170895029 0.017774296610 0.566581954440
0.013052663011 0.993422477874 0.113760311371 0.330326328480
-0.019383231523 -0.113497244015 0.993349216508 -3.273342347595
0.000000000000 0.000000000000 0.000000000000 1.000000000000
135 135 0
0.997230392660 0.001292594773 -0.074363116896 0.298973149032
0.007082282653 0.993655060677 0.112247323635 0.281144153948
0.074036377736 -0.112463103236 0.990893871806 -2.932915420587
0.000000000000 0.000000000000 0.000000000000 1.000000000000
136 136 0
0.986861932768 0.019229936339 -0.160417378119 -0.014695610012
-0.001670826469 0.994053182263 0.108882869042 0.213232149979
0.161557215850 -0.107184328987 0.981025374609 -2.646613149007
0.000000000000 0.000000000000 0.000000000000 1.000000000000
137 137 0
0.986948881731 0.029234421671 -0.158357991396 -0.287483824247
-0.013581215527 0.994990620937 0.099041480358 0.223627019509
0.160460136589 -0.095598184273 0.982401919649 -2.535099825096
0.000000000000 0.000000000000 0.000000000000 1.000000000000
138 138 0
0.999265310707 0.027052755203 -0.027147509173 -0.555860573928
-0.024563802010 0.995802973020 0.088164950831 0.227271617007
0.029418675177 -0.087433330945 0.995735885760 -2.508548104669
0.000000000000 0.000000000000 0.000000000000 1.000000000000
139 139 0
0.978348371599 0.006946035787 0.206848293146 -0.765567666185
-0.025533945627 0.995852223607 0.087329069369 0.241701516753
-0.205383741837 -0.090719905880 0.974467761019 -2.386454543409
0.000000000000 0.000000000000 0.000000000000 1.000000000000
140 140 0
0.888132535883 -0.028657766348 0.458693068548 -0.896615981308
-0.012744015849 0.996134583436 0.086910768855 0.213663757136
-0.459410697270 -0.083033873274 0.884334318639 -2.194969143634
0.000000000000 0.000000000000 0.000000000000 1.000000000000
141 141 0
0.784272349220 -0.061091255812 0.617401604073 -0.965038838398
0.005510550970 0.995786874209 0.091532152717 0.163244099193
-0.620392227608 -0.068383913433 0.781304757638 -1.880603248983
0.000000000000 0.000000000000 0.000000000000 1.000000000000
142 142 0
0.644337570484 -0.083960299726 0.760118256150 -1.089743054666
0.017129513125 0.995290064036 0.095416289023 -0.003178619242
-0.764549328064 -0.048459844209 0.642740980844 -1.660062116315
0.000000000000 0.000000000000 0.000000000000 1.000000000000
143 143 0
0.453379834252 -0.109955988167 0.884509133113 -1.135415253243
0.031394158348 0.993715797662 0.107439845021 -0.080541812900
-0.890764353078 -0.020942639343 0.453982679341 -1.458213555431
0.000000000000 0.000000000000 0.000000000000 1.000000000000
144 144 0
0.230052643776 -0.134057199418 0.963900642377 -1.304162661221
0.043599155020 0.990892016357 0.127405359392 -0.065003985029
-0.972201056764 0.012715313772 0.233802108679 -1.224012076924
0.000000000000 0.000000000000 0.000000000000 1.000000000000
145 145 0
0.073249110959 -0.177815003956 0.981333986017 -1.340865292877
0.055475411900 0.983180268923 0.174008728159 -0.051226241937
-0.995769574961 0.041693922448 0.081881441198 -0.939466539591
0.000000000000 0.000000000000 0.000000000000 1.000000000000
146 146 0
-0.046319029147 -0.219373997770 0.974540710613 -1.484686411595
0.071506750063 0.972356886994 0.222281058596 -0.044863406877
-0.996364056073 0.079982081851 -0.029351905361 -0.610031809160
0.000000000000 0.000000000000 0.000000000000 1.000000000000
147 147 0
-0.149385972482 -0.240737419534 0.959025195739 -1.576130755635
0.089449058252 0.962641410025 0.255578523515 -0.050405109203
-0.984724680915 0.123963746880 -0.122271387725 -0.408484342133
0.000000000000 0.000000000000 0.000000000000 1.000000000000
148 148 0
-0.237873455447 -0.244986799527 0.939892380675 -1.927024773967
0.116625595402 0.953463173628 0.278040369428 -0.040979625336
-0.964268992393 0.175753931940 -0.198231848392 -0.333686375380
0.000000000000 0.000000000000 0.000000000000 1.000000000000
149 149 0
-0.177032971966 -0.249326710291 0.952100582067 -2.209662229533
0.164922550569 0.946186907756 0.278443688929 -0.003418832952
-0.970288554581 0.206316570169 -0.126386683329 -0.234581231186
0.000000000000 0.000000000000 0.000000000000 1.000000000000
150 150 0
-0.110740089700 -0.270874307573 0.956223688281 -2.319332932858
0.189564370200 0.938720656786 0.287869550446 0.020386585482
-0.975603393846 0.213144641077 -0.052605892218 -0.047615244691
0.000000000000 0.000000000000 0.000000000000 1.000000000000
151 151 0
-0.104926105012 -0.288531812427 0.951703685873 -2.551557515830
0.201043552219 0.931072716833 0.304442254099 0.026823429047
-0.973946611780 0.223277829592 -0.039686373162 0.152764188165
0.000000000000 0.000000000000 0.000000000000 1.000000000000
152 152 0
-0.137437657165 -0.309924157524 0.940775162818 -2.683672477216
0.207441401164 0.919719520377 0.333292767580 -0.012192567445
-0.968544761731 0.240962695081 -0.062112994639 0.393404069287
0.000000000000 0.000000000000 0.000000000000 1.000000000000
153 153 0
-0.215844446022 -0.310862405644 0.925621812555 -2.857669075669
0.209774348346 0.911068856628 0.354891900808 -0.019379010523
-0.953627756463 0.270773158272 -0.131438194077 0.754035761973
0.000000000000 0.000000000000 0.000000000000 1.000000000000
154 154 0
-0.335707031915 -0.299158294997 0.893199363668 -2.920308331870
0.203441251145 0.902822586490 0.378844340933 -0.044145406578
-0.919734986861 0.308894305318 -0.242222753031 1.025330104743
0.000000000000 0.000000000000 0.000000000000 1.000000000000
155 155 0
-0.460551838981 -0.279495522026 0.842481012711 -3.008075362046
0.196226586308 0.893590844850 0.403720855079 -0.061203091551
-0.865671491062 0.351251555395 -0.356700454717 1.350978543268
0.000000000000 0.000000000000 0.000000000000 1.000000000000
156 156 0
-0.560233402247 -0.248281142791 0.790249966239 -3.068942055853
0.188278409231 0.890883058668 0.413374668305 -0.092150205078
-0.806653442083 0.380373303366 -0.452356468355 1.708563618516
0.000000000000 0.000000000000 0.000000000000 1.000000000000
157 157 0
-0.630758392682 -0.230192882877 0.741049989362 -2.920384326397
0.182618080777 0.884129423836 0.430076503056 -0.115791516202
-0.754184650224 0.406603490615 -0.515634671823 2.016134749673
